FX: 1189.9095001461
FY: 1190.0383490270
CX: 958.2495299538
CY: 538.7809416921
K1: 6.2023542613
K2: 2.2812503530
P1: -0.0002110120
P2: 0.0000978922
K3: 0.0178499169
K4: 6.6343812426
K5: 4.8004350426
K6: 0.4074428747
RMS: 0.0090