FX: 1189.5583898850
FY: 1189.5435546635
CX: 960.9013526926
CY: 540.5288093040
K1: 3.2045065838
K2: 2.0733259818
P1: 0.0000166709
P2: 0.0000490201
K3: 0.1412975454
K4: 3.6315012487
K5: 3.3358840050
K6: 0.7063399542
RMS: 0.0119
