FX: 1192.2517368715
FY: 1192.3114862858
CX: 961.7901618994
CY: 540.2274926356
K1: 0.4753209106
K2: -0.3030379321
P1: -0.0001207872
P2: -0.0000205983
K3: -0.0339284247
K4: 0.9044336607
K5: -0.2189249842
K6: -0.1471102138
RMS: 0.0089