FX: 1189.8756997932
FY: 1189.9609940536
CX: 960.0116036048
CY: 539.4014653208
K1: 0.7842239574
K2: -0.1802649769
P1: -0.0003016432
P2: 0.0001697097
K3: -0.0348490263
K4: 1.2134177658
K5: 0.0357148530
K6: -0.1286227634
RMS: 0.0095