FX:1191.2690000903
FY:1191.3032210100
CX:955.7072760619
CY:539.5896204547
K1:8.0014723386
K2:4.4025139022
P1:-0.0001003822
P2:0.0000333871
K3:0.2281268770
K4:8.4315393474
K5:7.7051525771
K6:1.2920435143
RMS:0.0089