FX: 1190.9947618604
FY: 1191.1361391057
CX: 961.4393345467
CY: 537.9858707082
K1: 1.6339088593
K2: 0.2416543373
P1: -0.0000028107
P2: 0.0000378812
K3: -0.0200396380
K4: 2.0644512281
K5: 0.8178402030
K6: -0.0224368649
RMS: 0.0089