FX:1194.5436336730
FY:1194.6190924066
CX:955.7675634626
CY:538.3240934461
K1:0.8059179921
K2:-0.1789816872
P1:0.0000493036
P2:-0.0000755705
K3:-0.0369566340
K4:1.2351631398
K5:0.0470721660
K6:-0.1329111629
RMS:0.0087