FX: 1193.5789396965
FY: 1193.4906989302
CX: 960.1682030887
CY: 540.8041663147
K1: -0.0526962944
K2: -0.2864216160
P1: 0.0000254886
P2: 0.0000244106
K3: -0.0066335691
K4: 0.3748928459
K5: -0.4211164878
K6: -0.0698580040
RMS: 0.0116
