FX: 1188.6916874441
FY: 1188.8038040467
CX: 955.2793804953
CY: 539.7586779547
K1: 0.2948093120
K2: -0.2779234886
P1: -0.0001557540
P2: -0.0000062372
K3: -0.0251153344
K4: 0.7218726951
K5: -0.2649402130
K6: -0.1168831737
RMS: 0.0090
