FX: 1194.3231812203
FY: 1194.3753600738
CX: 958.1961012786
CY: 538.0200633284
K1: 0.8101880015
K2: -0.2915299851
P1: -0.0003420276
P2: 0.0000801050
K3: -0.0525706128
K4: 1.2404327078
K5: -0.0666551865
K6: -0.1919697650
RMS: 0.0093