FX: 1190.9380383925
FY: 1190.8862851737
CX: 955.6705012175
CY: 540.1090098440
K1: -0.0586809591
K2: -0.4292077180
P1: -0.0000209962
P2: 0.0000513478
K3: -0.0282192110
K4: 0.3687679523
K5: -0.5661097302
K6: -0.1486583365
RMS: 0.0095