FX:1192.1972829009
FY:1192.1534650826
CX:955.6655623705
CY:538.2251419796
K1:1.4111082188
K2:0.1575810682
P1:0.0000439275
P2:0.0000369775
K3:-0.0221893224
K4:1.8404464509
K5:0.6424250448
K6:-0.0403045273
RMS:0.0089