FX: 1191.6231431822
FY: 1191.8187270355
CX: 962.6719727191
CY: 539.7697938311
K1: 2.1604082066
K2: 0.6395175691
P1: -0.0000474916
P2: -0.0000300224
K3: 0.0039546010
K4: 2.5894816820
K5: 1.4448758959
K6: 0.1069927764
RMS: 0.0091
