FX:1183.5422422708
FY:1183.6320582115
CX:958.4178825639
CY:537.9787326686
K1:0.4971583556
K2:-0.2253216247
P1:-0.0001042855
P2:0.0001239349
K3:-0.0269616568
K4:0.9251146961
K5:-0.1287252046
K6:-0.1142217030
RMS:0.0087